478235,春日醉卧戏效太白
1075261,次韵黄子才冬至日醉卧王丞家梦还家如平时
51528,春日醉卧戏效太白
