352446,赠别·野树参差绿
