942494,次韵杨宰捕蝗宿兑岩四首 其三
