74623,木兰花慢·尽交游满眼
250903,山游·满眼青溪无尽山
