750091,客子吟 其一
