445123,春日病中寄柳
