855243,浣溪沙 其十三 武康社日
