517922,问菊问竹各二首 其一
