869873,八月十六日过天街怀景仁
133790,八月十六日过天街怀景仁
