529197,雨中楼居
598538,雨中楼居
