807954,大酺  题毗陵海烈妇祠用片玉词韵
1139165,题金陵海月潮卷
185420,题金陵海月潮卷
