69508,雌雄曲·妾夫晓出塞
308123,秋日·妾夫浮梁去买茶
