94598,与子上野步
911938,与子上野步
