136600,呈嬾翁·倦子冷居姑射
172789,采桑子·冷猿寒雁淮山远
214572,南乡子·冷淡是秋花
311270,如此江山·送梅子冷生之武林
303460,山花子·冷雨将寒度画楼
288691,卜算子·冷艳恰宜嗔
156795,卜算子·冷蕊伴疏枝
42665,采桑子·冷香萦遍红桥梦
229623,卜算子·冷蕊閟红香
424075,如此江山·送梅子冷生之武林
190957,立化童子·冷饭残羹属与谁
451045,南歌子 冷寺
74747,水仙子·冷无香柳絮扑将来
