297904,岁暮·久客已无摇落感
