71685,如梦令·随分养营皮袋
