929284,雨中自项里夜至新塘舍舟步归二首 其一
