236818,梅花百咏·鸥社同盟交最久
