795353,临江仙 春思
