527259,次韵酬陈院长登滕王阁见寄二首 其二
