278850,虎跑泉酒·杜康作酒记当年
