196918,秋晚·槭槭霜风劲
