44355,哭汪希颜·寿春倡义闻天下
385413,奉寄好义·闻说幽居僻
