1070343,寒夜遣怀一首
