597853,郑惠阳邀上白鹤峰同叶宾州夜集二首 其二
597852,郑惠阳邀上白鹤峰同叶宾州夜集二首 其一
