157656,鬓边娇·天工施巧亦无穷
131122,新月·老天大巧亦儿嬉
