173681,南丰道中·此县闻天下
