989759,绿水曲
642411,绿水曲
1208441,绿水曲
518483,绿水曲
666298,绿水曲
1221995,绿水曲
127590,绿水曲·春光有余辉
476295,绿水曲
63849,绿水曲·杏雨红初散
