354158,明妃·汉宫眉斧息边尘
215968,乐樵吟·木美牛山手斧息
