782650,题观海图为张同年蔚千作
659226,寿山福海图为太医王银台作
522092,百川至海图为太常杨典簿题
528829,瀛海图为李宗易谕德歌
1215294,题观海图为张晋贤作
