1030049,寿湖南宗宪五首 其四
1030051,寿湖南宗宪五首 其二
1030052,寿湖南宗宪五首 其一
1030050,寿湖南宗宪五首 其三
198653,寿湖南宗宪
1131692,寿湖南宗宪五首
1030048,寿湖南宗宪五首 其五
