598729,和刘珠江游龟峰矩洲岳桥赏梅次韵三首
