534975,送王柱史按广西
