504086,题陈士良栖霞轩
