970740,送驾部刘侯赴阙诗
