52203,过常州昔日延陵地
