149678,登金山·金山何处好
