871450,温学士再访山中
136743,温学士再访山中
