216006,解连环·素封谁托
372873,同赏梨花·兴福梨珍号素封
