70347,朝中措·夹衣晨起怯新霜
