383555,南皮咏古·莫笑唐张我
