100272,又答毡帐·卧病经旬减带围
922640,又答毡帐
102651,又答毡帐·卧室经旬减带围
