17942,游悟贞寺回山下别张殷衡
1155634,游悟贞寺回山下别张殷衡
17943,村居寄张殷衡
1156111,村居寄张殷衡
