992303,依韵和仲源独夜吟
753565,独夜吟
105423,依韵和仲源独夜吟
