289718,茶·纸窗竹屋绝纤尘
