540697,题张平山溟海曦阳图
