281958,木兰花慢·春来还恍惚
826547,木兰花慢·春来又将北游，赋别海上二三知友
292266,木兰花慢·春来又将北游，赋别海上二三知友
