772291,自内湾庄晚归田舍
