946489,回文二绝 其一
