756692,重过萸湾即用刘松岚观察吊练塘韵
333156,重过萸湾即用刘松岚观察吊练塘韵
