1244587,观舆图有感（五首） 其一
