39846,诗·旦发邺城东
39714,黎阳作诗·朝发邺城
