675084,柬康五
54554,送颜用行归吉水并柬康隐君
491576,送颜用行归吉水并柬康隐君宗武
