602131,谒李忠简公祠
603819,谒李忠简公祠
598310,谒李忠简公祠 其二
600281,谒李忠简公祠
600958,谒李忠简公祠 其一
595360,谒李忠简公祠
693835,谒李忠简公祠
603778,谒李忠简公祠
598344,谒李忠简公祠
619111,谒李忠简公祠
598889,谒李忠简公祠
602188,谒李忠简公祠 其二
654444,谒李忠定公祠
577872,海珠谒李忠简公祠
598989,谒李忠简公祠
603248,游海珠谒李忠简像
600959,谒李忠简公祠 其二
603429,海珠寺谒李忠简公祠
603236,谒李忠简公祠
613234,谒李忠简公祠
1233863,谒李忠简公祠诗
602212,谒李忠简公祠
602187,谒李忠简公祠 其一
600047,谒李忠简公祠
595043,谒李忠简公祠
688037,游海珠寺谒李忠简公祠
619076,游海珠寺谒李忠简公祠 其一
712436,海珠寺谒李忠简公祠追次先府君韵二首 其二
598319,谒李忠简公祠
617679,海珠谒李忠简公祠
700899,谒李忠简公祠
600091,谒李忠简公祠
598978,谒李忠简公祠
598309,谒李忠简公祠 其一
606713,海珠寺谒李忠简公遗像
712435,海珠寺谒李忠简公祠追次先府君韵二首 其一
619077,游海珠寺谒李忠简公祠 其二
574045,谒李忠文公祠
595070,谒李忠简公祠
721361,海珠寺谒李忠简公祠追次先府君韵二首
601260,谒李忠简公祠
600036,谒李忠简公祠
588481,海珠寺谒李忠简公祠
618970,谒李忠简公祠
599948,谒李忠简公祠
696861,谒李忠简公祠
