1242538,题破窗风雨卷
330709,风雨·凄凄风雨卷重茅
80295,暮秋遣兴·暮秋风雨卷茆茨
205309,水调歌头·风雨卷春去
