296499,念奴娇·数声长笛
