330783,九日登楼·久客惊秋意
