354985,桃李·南阳多桃李
