249742,朝中措·山村薄暮
401709,朝中措  山村薄暮
