111011,后秋风·去年病后咏秋风
