102680,洗儿·人皆养子望聪明
