36099,答张生·待月西厢下
441712,代柬答张生
441938,又答张生
