300103,蝶恋花·临水数峰天外落
