1064755,孙侯见和复次韵五首 其二
