367294,登接山堂·着地岚阴拨不开
295566,秋阴·向晚秋阴拨不开
