72769,点绛唇·立尽黄昏
