730380,金山观东坡玉带歌
514083,饮万山观东明楼赠道庸都纪
