413140,为女学生题堆绢花鸟存十一首 其七 牡丹凤皇
