428103,春日见草木萌芽有感
73641,行路难·君不见草木荣复凋
280086,春日见草木萌芽有感
