1183413,咏史诗 成都
