976809,灵岩一线天
109316,灵岩一线天
901157,灵岩一线天
