385915,题黄莘农前辈《日报平安图扇小影》
810035,摸鱼子　改七芗团扇小影
325570,摸鱼子·改七芗团扇小影
