1204815,点绛唇 病中偶成
824013,点绛唇 病中
291541,点绛唇·病中
