510924,杜阮看山 其二
