259320,对称：所没看见的
1216038,闰二月八日入直宣文阁上命陈阁中前代礼器赐问制作之由具对称旨纪事二首 其二
1236517,闰二月八日入直宣文阁上命陈阁中前代礼器赐问制作之由具对称旨纪事二首
1216037,闰二月八日入直宣文阁上命陈阁中前代礼器赐问制作之由具对称旨纪事二首 其一
