1081481,次韵张与之登巽亭 其一
