444462,凤箫吟 初夏与梦芙颖庐侍凡翁龙潭湖漫步
246403,凤箫吟·初夏与梦芙颖庐侍凡翁龙潭湖漫步
