484501,梧宫夜
48774,梧宫夜·桐阶白露下
