267445,望江南·雕虫手，千古亦才难
