771955,金门溪上晚归，触怀口号
601494,溪上晚归
