47212,京师寓廨·寂寞过芳时
