1243858,题乌衣巷陌图
