192481,扇子诗·冷热衰盾之日
121557,再次韵·到眼浪岐官冷热
