12801,胡笳十八拍第四拍
1077785,胡笳十八拍 第四拍
