1213638,承旨野庄董公殊勋清节孚闻之缙绅纪以八诗 其五
1147948,九日同诸公殊俗之作
1213637,承旨野庄董公殊勋清节孚闻之缙绅纪以八诗 其四
1213636,承旨野庄董公殊勋清节孚闻之缙绅纪以八诗 其三
1213641,承旨野庄董公殊勋清节孚闻之缙绅纪以八诗 其八
1236325,承旨野庄董公殊勋清节孚闻之缙绅纪以八诗
1213634,承旨野庄董公殊勋清节孚闻之缙绅纪以八诗 其一
1213639,承旨野庄董公殊勋清节孚闻之缙绅纪以八诗 其六
1213640,承旨野庄董公殊勋清节孚闻之缙绅纪以八诗 其七
1213635,承旨野庄董公殊勋清节孚闻之缙绅纪以八诗 其二
