243326,赠野逸·悠悠行路雪侵头
