1237091,画  子陵
