1010382,衡门 其二
