370956,北观竞渡·惊飞沙鸟两相呼
