126992,靖安寺·处士亡来二百年
36375,闻李处士亡
1146776,闻李处士亡
