1064291,次韵蔡儒效见寄
379039,次韵蔡儒效见寄
