748245,赠南村逸叟
