874530,丁未春五首 其四
